815.0
814.0
813.0
816.0
817.0
815.0
814.0
814.0
815.0
815.0
815.0
5.0
815.0
813.0
815.0
816.0
815.0
815.0
814.0
815.0
815.0
815.0
813.0
814.0
815.0
815.0
815.0
814.0
813.0
816.0
817.0
815.0
814.0
814.0
815.0
815.0
815.0
5.0
815.0
813.0
815.0
816.0
815.0
815.0
814.0
815.0
815.0
815.0
813.0
814.0
815.0
815.0
815.0
814.0
813.0
816.0
817.0
815.0
814.0
814.0
815.0
815.0
815.0
819.0
814.0
815.0
815.0
814.0
816.0
814.0
815.0
817.0
816.0
814.0
816.0
816.0
815.0
814.0
814.0
816.0
817.0
815.0
814.0
815.0
815.0
815.0
814.0
816.0
816.0
814.0
815.0
816.0
815.0
813.0
814.0
741.0
742.0
740.0
740.0
740.0
739.0
742.0
742.0
741.0
740.0
740.0
667.0
667.0
666.0
665.0
665.0
666.0
667.0
667.0
665.0
664.0
666.0
667.0
591.0
589.0
590.0
591.0
591.0
590.0
590.0
591.0
591.0
591.0
591.0
590.0
590.0
515.0
516.0
516.0
515.0
515.0
514.0
515.0
515.0
517.0
516.0
516.0
439.0
439.0
442.0
439.0
441.0
441.0
439.0
439.0
441.0
439.0
440.0
441.0
367.0
367.0
365.0
364.0
365.0
367.0
366.0
365.0
366.0
365.0
366.0
367.0
293.0
293.0
292.0
291.0
291.0
293.0
294.0
294.0
294.0
293.0
293.0
293.0
221.0
221.0
221.0
220.0
220.0
222.0
221.0
223.0
222.0
222.0
222.0
222.0
159.0
159.0
160.0
159.0
159.0
158.0
157.0
157.0
157.0
159.0
159.0
159.0
120.0
118.0
117.0
117.0
118.0
121.0
120.0
120.0
118.0
119.0
118.0
118.0
97.0
98.0
98.0
98.0
99.0
96.0
96.0
96.0
97.0
97.0
98.0
84.0
84.0
85.0
81.0
81.0
81.0
82.0
83.0
84.0
84.0
82.0
81.0
69.0
69.0
70.0
72.0
72.0
72.0
73.0
70.0
69.0
71.0
73.0
72.0
61.0
60.0
60.0
62.0
63.0
63.0
63.0
62.0
61.0
61.0
62.0
63.0
54.0
51.0
51.0
53.0
54.0
54.0
53.0
52.0
51.0
53.0
54.0
54.0
46.0
45.0
44.0
44.0
46.0
46.0
46.0
44.0
45.0
45.0
46.0
46.0
39.0
37.0
37.0
38.0
39.0
39.0
41.0
38.0
38.0
40.0
39.0
41.0
40.0
33.0
33.0
32.0
31.0
31.0
31.0
31.0
32.0
33.0
34.0
32.0
26.0
26.0
27.0
29.0
29.0
26.0
27.0
28.0
28.0
29.0
27.0
27.0
27.0
24.0
28.0
25.0
28.0
25.0
29.0
25.0
28.0
24.0
28.0
24.0
28.0
24.0
27.0
23.0
27.0
23.0
27.0
24.0
27.0
23.0
27.0
21.0
27.0
23.0
28.0
22.0
28.0
22.0
28.0
22.0
28.0
22.0
28.0
21.0
578.0
26.0
26.0
26.0
24.0
30.0
25.0
30.0
24.0
30.0
24.0
30.0
29.0
29.0
31.0
32.0
31.0
31.0
31.0
30.0
30.0
32.0
31.0
31.0
36.0
36.0
36.0
36.0
36.0
35.0
34.0
34.0
34.0
34.0
35.0
36.0
42.0
42.0
42.0
41.0
40.0
41.0
42.0
43.0
42.0
41.0
40.0
40.0
49.0
51.0
49.0
48.0
48.0
48.0
50.0
51.0
48.0
47.0
48.0
49.0
58.0
56.0
55.0
56.0
57.0
57.0
57.0
57.0
56.0
55.0
56.0
57.0
57.0
67.0
64.0
65.0
67.0
67.0
64.0
65.0
66.0
66.0
66.0
64.0
64.0
573.0
74.0
75.0
75.0
75.0
77.0
77.0
79.0
76.0
75.0
76.0
76.0
91.0
91.0
89.0
88.0
89.0
90.0
91.0
89.0
89.0
90.0
91.0
91.0
107.0
107.0
108.0
109.0
108.0
106.0
108.0
109.0
107.0
106.0
108.0
109.0
136.0
135.0
136.0
137.0
136.0
135.0
135.0
136.0
137.0
136.0
134.0
136.0
138.0
186.0
185.0
187.0
188.0
187.0
186.0
188.0
189.0
186.0
186.0
188.0
189.0
188.0
255.0
255.0
256.0
257.0
256.0
255.0
255.0
257.0
257.0
256.0
254.0
256.0
257.0
330.0
328.0
328.0
330.0
330.0
329.0
329.0
329.0
330.0
329.0
328.0
329.0
405.0
403.0
403.0
404.0
405.0
406.0
403.0
403.0
404.0
405.0
403.0
477.0
479.0
480.0
478.0
477.0
478.0
479.0
479.0
478.0
479.0
480.0
479.0
552.0
553.0
555.0
556.0
554.0
552.0
555.0
554.0
553.0
554.0
554.0
553.0
628.0
629.0
631.0
630.0
629.0
628.0
630.0
630.0
630.0
630.0
630.0
703.0
704.0
706.0
705.0
703.0
703.0
705.0
705.0
704.0
703.0
704.0
705.0
705.0
778.0
779.0
777.0
778.0
779.0
779.0
779.0
778.0
777.0
778.0
779.0
779.0
853.0
851.0
850.0
851.0
853.0
852.0
852.0
851.0
852.0
851.0
851.0
924.0
928.0
928.0
928.0
928.0
928.0
928.0
928.0
928.0
928.0
928.0
928.0
928.0
989.0
989.0
989.0
989.0
989.0
989.0
989.0
989.0
989.0
989.0
989.0
989.0
1023.0
1023.0
1023.0
1023.0
1023.0
1023.0
1023.0
1023.0
1023.0
1023.0
1023.0
1023.0
1023.0
1023.0
1023.0
1023.0
1023.0
1023.0
1023.0
1023.0
1023.0
1023.0
1023.0
1023.0
1023.0
1023.0
1023.0
1023.0
1023.0
1023.0
1023.0
1023.0
1023.0
1023.0
1023.0
1023.0
1023.0
1023.0
1023.0
1023.0
1023.0
1023.0
1023.0
1023.0
1023.0
1023.0
1023.0
1023.0
1023.0
1023.0
1023.0
1023.0
1023.0
1023.0
1023.0
1023.0
1023.0
1023.0
1023.0
1023.0
1023.0
1023.0
1023.0
1023.0
1023.0
1023.0
1023.0
1023.0
1023.0
1023.0
1023.0
1023.0
1023.0
1023.0
1023.0
1023.0
1023.0
1023.0
1023.0
1023.0
1023.0
1023.0
1023.0
1023.0
1023.0
1023.0
1023.0
1023.0
1023.0
1023.0
1023.0
1023.0
1023.0
1023.0
1023.0
1023.0
1023.0
1023.0
1023.0
1023.0
1023.0
1023.0
1023.0
1023.0
1023.0
1023.0
1023.0
1023.0
1023.0
1023.0
1023.0
1023.0
1023.0
1023.0
1023.0
1023.0
1023.0
1023.0
1023.0
1023.0
1023.0
1023.0
1023.0
1023.0
1023.0
1023.0
1023.0
1023.0
1023.0
1023.0
1023.0
1023.0
1023.0
1023.0
1023.0
1023.0
1023.0
1023.0
1023.0
1023.0
1023.0
1023.0
1023.0
1023.0
1023.0
1023.0
1023.0
1023.0
1023.0
1023.0
1023.0
1023.0
1023.0
1023.0
1023.0
1023.0
1023.0
1023.0
1023.0
1023.0
1023.0
1023.0
1023.0
1023.0
1023.0
1023.0
1023.0
1023.0
1023.0
1023.0
1023.0
1023.0
1023.0
1023.0
1023.0
1023.0
1023.0
1023.0
1023.0
1023.0
1023.0
1023.0
1023.0
1023.0
1023.0
1023.0
1023.0
1023.0
1023.0
1023.0
1023.0
1023.0
1023.0
1023.0
1023.0
1023.0
1023.0
1023.0
1023.0
1023.0
1023.0
1023.0
1023.0
1023.0
1023.0
1023.0
1023.0
1023.0
1023.0
1023.0
1023.0
1023.0
1023.0
1023.0
1023.0
1023.0
1023.0
1023.0
1023.0
1023.0
1023.0
1023.0
1023.0
1023.0
1023.0
1023.0
1023.0
1023.0
1023.0
1023.0
1023.0
1023.0
1023.0
1023.0
1023.0
1023.0
1023.0
1023.0
1023.0
1023.0
1023.0
1023.0
1023.0
1023.0
1023.0
1023.0
1023.0
1023.0
1023.0
1023.0
1023.0
1023.0
1023.0
1023.0
1023.0
1023.0
1023.0
1023.0
1023.0
1023.0
1023.0
1023.0
1023.0
1023.0
1023.0
1023.0
1023.0
1023.0
1023.0
1023.0
1023.0
1023.0
1011.0
1011.0
1011.0
1011.0
1011.0
1011.0
1011.0
1011.0
1011.0
1011.0
1011.0
1011.0
962.0
962.0
962.0
962.0
962.0
962.0
962.0
962.0
962.0
962.0
962.0
893.0
888.0
889.0
888.0
889.0
888.0
888.0
889.0
887.0
890.0
889.0
887.0
816.0
816.0
816.0
814.0
816.0
816.0
815.0
814.0
816.0
815.0
814.0
816.0
817.0
815.0
814.0
817.0
816.0
815.0
816.0
816.0
815.0
816.0
817.0
815.0
814.0
815.0
816.0
815.0
815.0
815.0
816.0
816.0
816.0
815.0
815.0
818.0
816.0
816.0
815.0
814.0
817.0
817.0
816.0
815.0
814.0
815.0
816.0
816.0
815.0
814.0
815.0
816.0
816.0
815.0
815.0
816.0
818.0
817.0
816.0
816.0
815.0
815.0
816.0
816.0
816.0
817.0
815.0
814.0
815.0
816.0
816.0
816.0
816.0
814.0
815.0
816.0
816.0
816.0
815.0
816.0
815.0
816.0
817.0
816.0
816.0
816.0
815.0
815.0
815.0
817.0
817.0
816.0
816.0
817.0
815.0
815.0
814.0
815.0
817.0
816.0
