336.0
336.0
336.0
337.0
338.0
338.0
338.0
337.0
338.0
335.0
336.0
338.0
338.0
339.0
338.0
336.0
337.0
336.0
337.0
342.0
338.0
339.0
339.0
337.0
337.0
337.0
337.0
338.0
337.0
337.0
337.0
337.0
338.0
338.0
338.0
339.0
339.0
338.0
336.0
336.0
336.0
336.0
336.0
336.0
338.0
338.0
338.0
338.0
338.0
338.0
337.0
336.0
337.0
337.0
338.0
339.0
338.0
337.0
336.0
336.0
337.0
337.0
338.0
338.0
338.0
338.0
336.0
337.0
337.0
338.0
339.0
265.0
264.0
262.0
263.0
263.0
266.0
265.0
263.0
262.0
263.0
264.0
264.0
265.0
192.0
191.0
192.0
191.0
193.0
193.0
193.0
191.0
192.0
191.0
192.0
194.0
136.0
134.0
134.0
134.0
135.0
136.0
136.0
136.0
134.0
134.0
134.0
107.0
107.0
107.0
105.0
105.0
105.0
106.0
108.0
106.0
105.0
104.0
105.0
107.0
107.0
90.0
89.0
87.0
88.0
88.0
90.0
90.0
90.0
90.0
90.0
89.0
88.0
75.0
75.0
76.0
77.0
77.0
77.0
77.0
77.0
76.0
75.0
75.0
75.0
65.0
66.0
66.0
66.0
68.0
66.0
64.0
64.0
64.0
65.0
66.0
66.0
58.0
59.0
56.0
55.0
55.0
55.0
55.0
56.0
56.0
57.0
57.0
57.0
58.0
47.0
47.0
47.0
48.0
49.0
49.0
49.0
48.0
47.0
47.0
47.0
48.0
42.0
43.0
42.0
41.0
40.0
39.0
40.0
42.0
43.0
42.0
40.0
33.0
33.0
34.0
35.0
35.0
37.0
35.0
33.0
33.0
34.0
35.0
36.0
30.0
29.0
28.0
27.0
27.0
29.0
29.0
30.0
30.0
28.0
28.0
27.0
28.0
29.0
25.0
29.0
23.0
29.0
24.0
29.0
25.0
29.0
26.0
24.0
28.0
24.0
26.0
22.0
26.0
22.0
26.0
22.0
26.0
23.0
26.0
22.0
26.0
22.0
26.0
22.0
26.0
21.0
26.0
19.0
26.0
21.0
26.0
22.0
26.0
20.0
28.0
24.0
28.0
23.0
28.0
22.0
27.0
22.0
27.0
23.0
28.0
24.0
31.0
26.0
25.0
31.0
27.0
27.0
25.0
31.0
26.0
25.0
31.0
32.0
30.0
30.0
31.0
33.0
32.0
32.0
31.0
31.0
31.0
31.0
31.0
30.0
36.0
36.0
36.0
37.0
38.0
38.0
37.0
37.0
36.0
37.0
37.0
572.0
44.0
43.0
44.0
45.0
44.0
44.0
42.0
42.0
43.0
44.0
45.0
45.0
44.0
50.0
49.0
50.0
52.0
53.0
52.0
52.0
51.0
50.0
50.0
49.0
58.0
59.0
58.0
58.0
58.0
58.0
58.0
59.0
58.0
58.0
58.0
58.0
68.0
67.0
68.0
69.0
68.0
69.0
69.0
69.0
70.0
70.0
70.0
70.0
80.0
80.0
78.0
78.0
79.0
79.0
80.0
80.0
80.0
81.0
80.0
79.0
79.0
78.0
91.0
92.0
93.0
94.0
94.0
94.0
93.0
92.0
94.0
94.0
94.0
96.0
111.0
111.0
111.0
112.0
113.0
113.0
113.0
111.0
111.0
110.0
112.0
147.0
148.0
148.0
146.0
146.0
146.0
148.0
148.0
147.0
146.0
146.0
147.0
210.0
211.0
209.0
208.0
209.0
210.0
211.0
209.0
208.0
208.0
210.0
211.0
282.0
280.0
279.0
279.0
280.0
281.0
282.0
281.0
279.0
281.0
281.0
282.0
282.0
354.0
353.0
354.0
355.0
355.0
353.0
353.0
354.0
355.0
354.0
354.0
353.0
429.0
429.0
430.0
428.0
428.0
429.0
430.0
430.0
428.0
427.0
427.0
429.0
430.0
505.0
504.0
508.0
503.0
508.0
503.0
508.0
502.0
508.0
503.0
508.0
502.0
583.0
577.0
579.0
577.0
579.0
579.0
579.0
579.0
580.0
578.0
579.0
579.0
654.0
653.0
655.0
653.0
654.0
655.0
653.0
654.0
655.0
654.0
653.0
655.0
655.0
731.0
728.0
732.0
731.0
730.0
729.0
730.0
730.0
729.0
729.0
730.0
730.0
730.0
803.0
805.0
805.0
805.0
803.0
804.0
805.0
805.0
804.0
805.0
806.0
880.0
879.0
878.0
877.0
877.0
879.0
878.0
877.0
879.0
879.0
878.0
877.0
950.0
954.0
954.0
954.0
954.0
954.0
954.0
954.0
954.0
954.0
954.0
954.0
954.0
1008.0
1008.0
1008.0
1008.0
1007.0
1008.0
1008.0
1008.0
1007.0
1008.0
1008.0
1008.0
1023.0
1023.0
1023.0
1023.0
1023.0
1023.0
1023.0
1023.0
1023.0
1023.0
1023.0
1023.0
1023.0
1023.0
1023.0
1023.0
1023.0
1023.0
1023.0
1023.0
1023.0
1023.0
1023.0
1023.0
1023.0
1023.0
1023.0
1023.0
1023.0
1023.0
1023.0
1023.0
1023.0
1023.0
1023.0
1023.0
1023.0
1023.0
1023.0
1023.0
1023.0
1023.0
1023.0
1023.0
1023.0
1023.0
1023.0
1023.0
1023.0
1023.0
1023.0
1023.0
1023.0
1023.0
1023.0
1023.0
1023.0
1023.0
1023.0
1023.0
1023.0
1023.0
1023.0
1023.0
1023.0
1023.0
1023.0
1023.0
1023.0
1023.0
577.0
1023.0
1023.0
1023.0
1023.0
1023.0
1023.0
1023.0
1023.0
1023.0
1023.0
1023.0
1023.0
1023.0
1023.0
1023.0
1023.0
1023.0
1023.0
1023.0
1023.0
1023.0
1023.0
1023.0
1023.0
1023.0
1023.0
1023.0
1023.0
1023.0
1023.0
1023.0
1023.0
1023.0
1023.0
1023.0
1023.0
1023.0
1023.0
1023.0
1023.0
1023.0
1023.0
1023.0
1023.0
1023.0
1023.0
1023.0
1023.0
1023.0
1023.0
1023.0
1023.0
1023.0
1023.0
1023.0
1023.0
1023.0
1023.0
1023.0
1023.0
1023.0
1023.0
1023.0
1023.0
1023.0
1023.0
1023.0
1023.0
1023.0
1023.0
1023.0
1023.0
1023.0
1023.0
1023.0
1023.0
1023.0
1023.0
1023.0
1023.0
1023.0
1023.0
1023.0
1023.0
1023.0
1023.0
1023.0
1023.0
1023.0
1023.0
1023.0
1023.0
1023.0
1023.0
1023.0
1023.0
1023.0
1023.0
1023.0
1023.0
1023.0
1023.0
1023.0
1023.0
1023.0
1023.0
1023.0
1023.0
1023.0
1023.0
1023.0
1023.0
1023.0
1023.0
1023.0
1023.0
1023.0
1023.0
1023.0
1023.0
1023.0
1023.0
1023.0
1023.0
1023.0
1023.0
1023.0
1023.0
1023.0
1023.0
1023.0
1023.0
1023.0
1023.0
1023.0
1023.0
1023.0
1023.0
1023.0
1023.0
1023.0
1023.0
1023.0
1023.0
1023.0
1023.0
1023.0
1023.0
1023.0
1023.0
1023.0
1023.0
1023.0
1023.0
1023.0
1023.0
1023.0
1023.0
1023.0
1023.0
1023.0
1023.0
1023.0
1023.0
1023.0
1023.0
1023.0
1023.0
1023.0
1023.0
1023.0
1023.0
1023.0
1023.0
1023.0
1023.0
1023.0
1023.0
1023.0
1023.0
1023.0
1023.0
1023.0
1023.0
1023.0
1023.0
1023.0
1023.0
1023.0
1023.0
1023.0
1023.0
1023.0
1023.0
1023.0
1023.0
1023.0
1023.0
1023.0
1023.0
1023.0
1023.0
999.0
999.0
999.0
999.0
999.0
999.0
999.0
999.0
999.0
999.0
999.0
938.0
938.0
938.0
938.0
938.0
938.0
938.0
938.0
938.0
938.0
938.0
938.0
938.0
867.0
862.0
861.0
863.0
861.0
864.0
862.0
862.0
862.0
861.0
863.0
788.0
788.0
789.0
787.0
789.0
789.0
788.0
789.0
788.0
790.0
790.0
788.0
714.0
715.0
713.0
715.0
715.0
714.0
715.0
715.0
714.0
713.0
715.0
641.0
640.0
638.0
640.0
640.0
639.0
638.0
640.0
640.0
639.0
639.0
640.0
565.0
565.0
563.0
565.0
565.0
565.0
564.0
562.0
564.0
565.0
565.0
488.0
488.0
489.0
488.0
487.0
489.0
489.0
488.0
487.0
487.0
487.0
488.0
414.0
414.0
414.0
414.0
415.0
414.0
413.0
412.0
411.0
412.0
412.0
413.0
337.0
338.0
338.0
339.0
339.0
339.0
339.0
338.0
338.0
338.0
338.0
337.0
337.0
337.0
338.0
339.0
339.0
340.0
339.0
340.0
338.0
337.0
337.0
337.0
337.0
339.0
339.0
339.0
339.0
340.0
339.0
338.0
337.0
338.0
340.0
340.0
339.0
340.0
341.0
338.0
337.0
338.0
339.0
341.0
340.0
340.0
340.0
340.0
338.0
337.0
337.0
337.0
337.0
338.0
338.0
339.0
341.0
340.0
339.0
339.0
338.0
337.0
339.0
339.0
340.0
340.0
340.0
338.0
337.0
339.0
340.0
340.0
338.0
337.0
339.0
340.0
340.0
340.0
338.0
338.0
339.0
340.0
341.0
337.0
337.0
338.0
339.0
340.0
339.0
338.0
337.0
338.0
340.0
340.0
338.0
338.0
340.0
340.0
339.0
339.0
338.0
340.0
340.0
340.0
338.0
338.0
339.0
341.0
339.0
338.0
339.0
340.0
340.0
339.0
339.0
340.0
341.0
338.0
339.0
341.0
341.0
339.0
340.0
340.0
341.0
338.0
339.0
340.0
340.0
340.0
338.0
338.0
340.0
340.0
340.0
338.0
338.0
340.0
340.0
338.0
338.0
339.0
340.0
340.0
338.0
338.0
339.0
342.0
339.0
338.0
340.0
340.0
340.0
338.0
340.0
